498
0.0 3.9428836204397245e-21
0.001 -3.250129161065059e-19
0.002 6.432928454314011e-19
0.003 -3.8022437773922373e-19
0.004 2.8351002455867885e-17
0.005 -4.8388214993362306e-17
0.006 1.67550910523178e-17
0.007 1.000000000000002
0.008 -4.119968255444917e-15
0.009000000000000001 -1.951563910473908e-15
0.01 3.0000000000000164
0.011 0.9999999999999896
0.012 2.999999999999993
0.013000000000000001 6.0
0.014 6.000000000000002
0.015 9.000000000000126
0.016 12.999999999999922
0.017 15.999999999999764
0.018000000000000002 20.00000000000022
0.019 26.000000000000384
0.02 30.999999999998625
0.021 38.000000000001585
0.022 45.00000000000012
0.023 50.99999999999844
0.024 59.000000000002046
0.025 66.99999999999567
0.026000000000000002 75.00000000000495
0.027 80.99999999999974
0.028 88.99999999999663
0.029 95.00000000000175
0.03 99.99999999999898
0.031 103.00000000000232
0.032 107.00000000000642
0.033 107.99999999998477
0.034 107.00000000001508
0.035 103.99999999997567
0.036000000000000004 99.0000000000244
0.037 93.99999999999342
0.038 82.99999999999797
0.039 73.00000000000017
0.04 60.00000000000804
0.041 44.99999999999282
0.042 27.999999999976044
0.043000000000000003 10.00000000004131
0.044 -10.000000000020437
0.045 -31.99999999999381
0.046 -51.99999999998961
0.047 -74.00000000002893
0.048 -98.99999999998442
0.049 -118.0000000000001
0.05 -141.99999999999636
0.051000000000000004 -161.00000000001535
0.052000000000000005 -179.9999999999926
0.053 -198.99999999998386
0.054 -213.00000000001185
0.055 -227.99999999999898
0.056 -238.00000000001597
0.057 -244.99999999996746
0.058 -252.0000000000161
0.059000000000000004 -251.99999999999523
0.06 -253.00000000001708
0.061 -245.99999999998934
0.062 -241.00000000000497
0.063 -228.9999999999932
0.064 -216.00000000000085
0.065 -199.0000000000014
0.066 -181.00000000002493
0.067 -157.99999999994262
0.068 -136.0000000000321
0.069 -111.00000000000331
0.07 -84.00000000003205
0.07100000000000001 -55.99999999992411
0.07200000000000001 -29.0000000000048
0.073 0.9999999999283915
0.074 27.000000000034774
0.075 56.000000000001826
0.076 82.99999999999974
0.077 108.00000000003385
0.078 131.99999999993216
0.079 153.000000000004
0.08 174.00000000005943
0.081 189.99999999997064
0.082 205.99999999997863
0.083 216.0000000000426
0.084 226.9999999999599
0.085 231.00000000002453
0.08600000000000001 234.0000000000172
0.08700000000000001 234.99999999996444
0.088 232.00000000001685
0.089 223.99999999999156
0.09 217.00000000000537
0.091 205.99999999999784
0.092 192.00000000000117
0.093 175.99999999999903
0.094 160.000000000016
0.095 138.99999999996726
0.096 121.00000000001864
0.097 99.0000000000002
0.098 77.9999999999983
0.099 55.00000000001859
0.1 34.999999999959506
0.101 11.000000000022991
0.10200000000000001 -6.9999999999816875
0.10300000000000001 -29.000000000057867
0.10400000000000001 -47.99999999994253
0.105 -63.00000000001904
0.106 -82.00000000001606
0.107 -93.99999999996832
0.108 -107.00000000000153
0.109 -117.00000000002642
0.11 -124.9999999999889
0.111 -131.99999999999056
0.112 -134.000000000017
0.113 -137.99999999998445
0.114 -136.00000000000935
0.115 -135.00000000000057
0.116 -129.99999999999818
0.117 -123.9999999999965
0.11800000000000001 -118.00000000000179
0.11900000000000001 -107.00000000000115
0.12 -97.99999999999132
0.121 -86.00000000001407
0.122 -74.99999999999429
0.123 -61.99999999999961
0.124 -49.00000000000038
0.125 -34.999999999999034
0.126 -22.000000000000796
0.127 -8.999999999999675
0.128 4.000000000000226
0.129 16.000000000000124
0.13 26.99999999999958
0.131 38.00000000000037
0.132 47.999999999999375
0.133 57.000000000000604
0.134 62.99999999998496
0.135 69.00000000002998
0.136 74.9999999999848
0.137 77.99999999999218
0.138 80.00000000001577
0.139 80.99999999998732
0.14 81.00000000000902
0.14100000000000001 78.99999999999488
0.14200000000000002 76.00000000000489
0.14300000000000002 71.99999999998875
0.14400000000000002 68.00000000001162
0.145 61.99999999999611
0.146 55.99999999998922
0.147 49.00000000001947
0.148 40.99999999999071
0.149 34.0000000000002
0.15 25.999999999999968
0.151 17.00000000000007
0.152 10.000000000000453
0.153 1.9999999999990026
0.154 -4.9999999999998375
0.155 -12.999999999987077
0.156 -20.00000000003749
0.157 -25.99999999996311
0.158 -30.00000000001213
0.159 -36.999999999999865
0.16 -38.99999999999187
0.161 -44.00000000000953
0.162 -45.00000000000551
0.163 -47.99999999999335
0.164 -48.999999999999346
0.165 -47.999999999999
0.166 -48.0000000000029
0.167 -46.000000000000036
0.168 -44.999999999997726
0.169 -42.0000000000008
0.17 -38.00000000000396
0.171 -35.9999999999972
0.17200000000000001 -30.999999999999776
0.17300000000000001 -25.999999999992806
0.17400000000000002 -22.999999999999158
0.17500000000000002 -17.00000000001417
0.176 -12.999999999993072
0.177 -7.99999999999984
0.178 -2.0000000000000018
0.179 1.00000000000805
0.18 6.999999999983963
0.181 9.000000000008
0.182 14.999999999999957
0.183 17.00000000000007
0.184 20.999999999999964
0.185 23.999999999999716
0.186 24.000000000000576
0.187 27.999999999999385
0.188 29.000000000000387
0.189 27.9999999999998
0.19 29.999999999999215
0.191 29.000000000002114
0.192 27.99999999999851
0.193 27.99999999999981
0.194 26.000000000000846
0.195 24.000000000002323
0.196 20.99999999999498
0.197 21.00000000000235
0.198 16.99999999999921
0.199 14.000000000001428
0.2 11.00000000000384
0.201 8.999999999995344
0.202 5.999999999995148
0.203 3.0000000000053872
0.20400000000000001 -1.000000000000556
0.20500000000000002 -1.9999999999950613
0.20600000000000002 -6.00000000000514
0.20700000000000002 -8.00000000000431
0.20800000000000002 -9.999999999999371
0.209 -10.99999999999543
0.21 -14.999999999996904
0.211 -14.000000000003634
0.212 -16.0
0.213 -17.999999999998114
0.214 -17.000000000005198
0.215 -17.999999999995264
0.216 -18.00000000000144
0.217 -17.000000000000007
0.218 -17.000000000000465
0.219 -15.999999999998085
0.22 -15.000000000002345
0.221 -13.999999999999075
0.222 -12.00000000000001
0.223 -11.000000000002286
0.224 -8.99999999999794
0.225 -7.999999999997245
0.226 -6.000000000002517
0.227 -4.0000000000000036
0.228 -2.00000000000293
0.229 3.039235529911366e-12
0.23 0.9999999999998066
0.231 2.0000000000029714
0.232 4.99999999999709
0.233 5.999999999997327
0.234 7.000000000003212
0.23500000000000001 6.999999999999617
0.23600000000000002 10.000000000001979
0.23700000000000002 8.99999999999794
0.23800000000000002 9.999999999999593
0.23900000000000002 11.000000000000592
0.24 10.99999999999951
0.241 10.00000000000046
0.242 11.999999999999858
0.243 8.999999999999893
0.244 10.999999999999941
0.245 9.00000000000011
0.246 7.999999999999976
0.247 8.000000000000194
0.248 7.999999999999764
0.249 5.0000000000000115
0.25 4.999999999999797
0.251 4.000000000000531
0.252 2.9999999999995306
0.253 1.0000000000003477
0.254 0.9999999999998066
0.255 0.0
0.256 -1.9999999999999323
0.257 -3.000000000000079
0.258 -2.00000000000005
0.259 -3.9999999999998788
0.26 -6.00000000000004
0.261 -3.99999999999999
0.262 -5.999999999999922
0.263 -6.000000000000095
0.264 -7.000000000000006
0.265 -5.999999999999984
0.266 -7.000000000000006
0.267 -6.000000000000037
0.268 -6.999999999999953
0.269 -5.000000000000013
0.27 -7.000000000000766
0.271 -4.999999999998441
0.272 -5.000000000000716
0.273 -4.000000000000097
0.274 -3.99999999999999
0.275 -4.000000000001887
0.276 -0.9999999999981829
0.277 -2.999999999997796
0.278 -1.0000000000021936
0.279 0.0
0.28 -1.0000000000020826
0.281 1.0000000000020826
0.28200000000000003 2.000000000002437
0.28300000000000003 0.9999999999976417
0.28400000000000003 2.999999999999961
0.28500000000000003 1.999999999998423
0.28600000000000003 4.00000000000194
0.28700000000000003 3.0000000000009392
0.28800000000000003 2.9999999999999645
0.289 3.9999999999984737
0.29 4.999999999999577
0.291 3.000000000000615
0.292 4.000000000000097
0.293 5.000000000000013
0.294 2.9999999999997478
0.295 3.000000000000398
0.296 3.99999999999988
0.297 2.9999999999999645
0.298 3.000000000000398
0.299 1.999999999999398
0.3 3.000000000000072
0.301 1.0000000000002403
0.302 0.99999999999981
0.303 1.0000000000002403
0.304 0.999999999999699
0.305 -0.9999999999998066
0.306 1.0000000000001328
0.307 -2.0000000000002656
0.308 0.0
0.309 -0.99999999999981
0.31 -3.0000000000001794
0.311 -0.9999999999999176
0.312 -1.9999999999991795
0.313 -2.0000000000016755
0.314 -1.9999999999997224
0.315 -2.9999999999988805
0.316 -3.0000000000005067
0.317 -0.9999999999998075
0.318 -3.0000000000005067
0.319 -2.9999999999997478
0.32 -2.0000000000000484
0.321 -1.9999999999998317
0.322 -1.0000000000003495
0.323 -2.9999999999994222
0.324 -1.0000000000008908
0.325 -0.999999999998941
0.326 -2.000000000000373
0.327 -9.766493169749424e-13
0.328 -0.9999999999985055
0.329 -1.3010426069826053e-12
0.33 -0.9999999999985073
0.331 0.9999999999991578
0.332 -7.598088824778415e-13
0.333 1.000000000001543
0.334 -1.4103301859691442e-12
0.335 1.0000000000013263
0.336 0.9999999999988317
0.337 2.0000000000004823
0.338 1.0000000000004572
0.339 0.9999999999992654
0.34 2.000000000000699
0.341 0.9999999999993737
0.342 1.0000000000002411
0.343 1.99999999999994
0.34400000000000003 2.000000000000157
0.34500000000000003 0.9999999999998075
0.34600000000000003 1.0000000000002411
0.34700000000000003 0.9999999999999158
0.34800000000000003 1.999999999999615
0.34900000000000003 7.589415207398531e-13
0.35000000000000003 1.9999999999985298
0.35100000000000003 1.5178830414797062e-12
0.352 -5.412337245047638e-13
0.353 1.0000000000001328
0.354 0.9999999999998066
0.355 -1.0000000000004572
0.356 1.0842021724855044e-12
0.357 0.9999999999994822
0.358 -2.0000000000000484
0.359 1.0000000000000233
0.36 -1.0000000000004572
0.361 -0.9999999999991569
0.362 -4.3368086899420177e-13
0.363 -0.9999999999998075
0.364 -1.0000000000002411
0.365 -0.9999999999999158
0.366 -0.9999999999999158
0.367 -1.0842021724855044e-13
0.368 -1.99999999999994
0.369 0.0
0.37 -1.99999999999994
0.371 -2.1684043449710089e-13
0.372 -0.999999999999699
0.373 -2.1684043449710089e-13
0.374 -1.0000000000000242
0.375 -0.9999999999999158
0.376 1.0842021724855044e-13
0.377 -1.0000000000002411
0.378 1.0000000000001328
0.379 -1.0000000000000242
0.38 1.0842021724855044e-13
0.381 -1.0000000000002411
0.382 0.9999999999999158
0.383 1.0000000000004579
0.384 -1.0000000000001328
0.385 0.999999999999699
0.386 4.3368086899420177e-13
0.387 -5.421010862427522e-13
0.388 1.0000000000005664
0.389 -3.2526065174565133e-13
0.39 1.0000000000001328
0.391 0.9999999999999158
0.392 0.0
0.393 1.0842021724855044e-13
0.394 0.9999999999998075
0.395 1.0000000000001328
0.396 0.0
0.397 1.0000000000002411
0.398 -5.421010862427522e-13
0.399 4.3368086899420177e-13
0.4 0.9999999999995907
0.401 3.2526065174565133e-13
0.402 2.1684043449710089e-13
0.403 0.9999999999994822
0.404 4.3368086899420177e-13
0.405 -1.0000000000005664
0.406 1.0000000000004579
0.40700000000000003 1.0842021724855044e-13
0.40800000000000003 -1.0000000000003495
0.40900000000000003 1.0000000000003495
0.41000000000000003 -1.0000000000005664
0.41100000000000003 3.2526065174565133e-13
0.41200000000000003 3.2526065174565133e-13
0.41300000000000003 -4.3368086899420177e-13
0.41400000000000003 -0.999999999999699
0.41500000000000004 -4.3368086899420177e-13
0.41600000000000004 4.3368086899420177e-13
0.417 -1.0000000000001328
0.418 -1.0842021724855044e-13
0.419 2.1684043449710089e-13
0.42 -1.0000000000003495
0.421 3.2526065174565133e-13
0.422 -1.0842021724855044e-13
0.423 -1.0000000000000242
0.424 1.0842021724855044e-13
0.425 0.0
0.426 -1.0842021724855044e-13
0.427 -1.0842021724855044e-13
0.428 -0.9999999999998075
0.429 0.9999999999999158
0.43 -0.9999999999999158
0.431 -1.0842021724855044e-13
0.432 1.0000000000000242
0.433 -1.0000000000001328
0.434 1.0000000000004579
0.435 -1.0000000000003495
0.436 0.9999999999999158
0.437 3.2526065174565133e-13
0.438 -4.3368086899420177e-13
0.439 2.1684043449710089e-13
0.44 1.0842021724855044e-13
0.441 0.9999999999999158
0.442 0.0
0.443 1.0842021724855044e-13
0.444 -3.2526065174565133e-13
0.445 3.2526065174565133e-13
0.446 0.9999999999999158
0.447 -1.0000000000000242
0.448 1.0000000000001328
0.449 -1.0842021724855044e-13
0.45 -2.1684043449710089e-13
0.451 1.0000000000002411
0.452 -1.0000000000000242
0.453 0.9999999999999158
0.454 -0.9999999999999158
0.455 1.0000000000001328
0.456 -1.0000000000004579
0.457 1.0000000000003495
0.458 1.0842021724855044e-13
0.459 -1.0000000000003495
0.46 1.0000000000004579
0.461 -1.0000000000003495
0.462 1.0000000000002411
0.463 -1.0000000000002411
0.464 1.0842021724855044e-13
0.465 -1.0842021724855044e-13
0.466 0.0
0.467 2.1684043449710089e-13
0.468 -1.0000000000001328
0.46900000000000003 0.9999999999999158
0.47000000000000003 -0.9999999999998075
0.47100000000000003 0.9999999999998075
0.47200000000000003 -0.9999999999999158
0.47300000000000003 0.0
0.47400000000000003 0.0
0.47500000000000003 -1.0842021724855044e-13
0.47600000000000003 2.1684043449710089e-13
0.47700000000000004 -1.0842021724855044e-13
0.47800000000000004 -1.0000000000000242
0.47900000000000004 1.0000000000000242
0.48 0.0
0.481 -0.9999999999999158
0.482 0.9999999999998075
0.483 1.0842021724855044e-13
0.484 -1.0000000000000242
0.485 1.0000000000000242
0.486 1.0842021724855044e-13
0.487 -1.0000000000002411
0.488 1.0000000000000242
0.489 2.1684043449710089e-13
0.49 0.0
0.491 -1.0842021724855044e-13
0.492 0.0
0.493 -1.0842021724855044e-13
0.494 1.0000000000001328
0.495 -0.9999999999999158
0.496 -1.0842021724855044e-13
0.497 0.9999999999999158
