0 9.84949e-09
0.001 1.04215e-08
0.002 1.10258e-08
0.003 1.16641e-08
0.004 1.23384e-08
0.005 1.30506e-08
0.006 1.38027e-08
0.007 1.4597e-08
0.008 1.54358e-08
0.009 1.63213e-08
0.01 1.72563e-08
0.011 1.82433e-08
0.012 1.92851e-08
0.013 2.03847e-08
0.014 2.15453e-08
0.015 2.277e-08
0.016 2.40624e-08
0.017 2.5426e-08
0.018 2.68647e-08
0.019 2.83824e-08
0.02 2.99834e-08
0.021 3.1672e-08
0.022 3.3453e-08
0.023 3.53312e-08
0.024 3.73117e-08
0.025 3.94e-08
0.026 4.16017e-08
0.027 4.39228e-08
0.028 4.63696e-08
0.029 4.89485e-08
0.03 5.16667e-08
0.031 5.45312e-08
0.032 5.75497e-08
0.033 6.07303e-08
0.034 6.40814e-08
0.035 6.76117e-08
0.036 7.13306e-08
0.037 7.52478e-08
0.038 7.93735e-08
0.039 8.37185e-08
0.04 8.82939e-08
0.041 9.31116e-08
0.042 9.81841e-08
0.043 1.03524e-07
0.044 1.09146e-07
0.045 1.15063e-07
0.046 1.21291e-07
0.047 1.27845e-07
0.048 1.34742e-07
0.049 1.42e-07
0.05 1.49636e-07
0.051 1.57669e-07
0.052 1.6612e-07
0.053 1.7501e-07
0.054 1.84359e-07
0.055 1.94192e-07
0.056 2.04532e-07
0.057 2.15405e-07
0.058 2.26837e-07
0.059 2.38856e-07
0.06 2.5149e-07
0.061 2.64771e-07
0.062 2.78729e-07
0.063 2.93399e-07
0.064 3.08816e-07
0.065 3.25015e-07
0.066 3.42035e-07
0.067 3.59917e-07
0.068 3.78702e-07
0.069 3.98434e-07
0.07 4.19159e-07
0.071 4.40925e-07
0.072 4.63783e-07
0.073 4.87784e-07
0.074 5.12985e-07
0.075 5.39443e-07
0.076 5.67218e-07
0.077 5.96373e-07
0.078 6.26974e-07
0.079 6.5909e-07
0.08 6.92793e-07
0.081 7.28158e-07
0.082 7.65265e-07
0.083 8.04195e-07
0.084 8.45035e-07
0.085 8.87874e-07
0.086 9.32807e-07
0.087 9.79931e-07
0.088 1.02935e-06
0.089 1.08117e-06
0.09 1.1355e-06
0.091 1.19247e-06
0.092 1.25218e-06
0.093 1.31478e-06
0.094 1.38039e-06
0.095 1.44915e-06
0.096 1.52121e-06
0.097 1.59672e-06
0.098 1.67583e-06
0.099 1.75872e-06
0.1 1.84555e-06
0.101 1.93651e-06
0.102 2.03178e-06
0.103 2.13155e-06
0.104 2.23604e-06
0.105 2.34545e-06
0.106 2.46001e-06
0.107 2.57994e-06
0.108 2.7055e-06
0.109 2.83692e-06
0.11 2.97448e-06
0.111 3.11844e-06
0.112 3.2691e-06
0.113 3.42675e-06
0.114 3.5917e-06
0.115 3.76427e-06
0.116 3.94479e-06
0.117 4.13363e-06
0.118 4.33114e-06
0.119 4.5377e-06
0.12 4.75372e-06
0.121 4.97959e-06
0.122 5.21576e-06
0.123 5.46267e-06
0.124 5.72078e-06
0.125 5.99058e-06
0.126 6.27257e-06
0.127 6.56728e-06
0.128 6.87526e-06
0.129 7.19707e-06
0.13 7.5333e-06
0.131 7.88458e-06
0.132 8.25154e-06
0.133 8.63484e-06
0.134 9.03518e-06
0.135 9.45328e-06
0.136 9.88989e-06
0.137 1.03458e-05
0.138 1.08218e-05
0.139 1.13187e-05
0.14 1.18375e-05
0.141 1.23789e-05
0.142 1.29441e-05
0.143 1.35339e-05
0.144 1.41493e-05
0.145 1.47915e-05
0.146 1.54616e-05
0.147 1.61606e-05
0.148 1.68897e-05
0.149 1.76503e-05
0.15 1.84436e-05
0.151 1.92708e-05
0.152 2.01335e-05
0.153 2.10329e-05
0.154 2.19707e-05
0.155 2.29484e-05
0.156 2.39675e-05
0.157 2.50297e-05
0.158 2.61368e-05
0.159 2.72905e-05
0.16 2.84927e-05
0.161 2.97453e-05
0.162 3.10503e-05
0.163 3.24099e-05
0.164 3.3826e-05
0.165 3.53011e-05
0.166 3.68373e-05
0.167 3.8437e-05
0.168 4.01028e-05
0.169 4.18373e-05
0.17 4.36429e-05
0.171 4.55227e-05
0.172 4.74793e-05
0.173 4.95158e-05
0.174 5.16352e-05
0.175 5.38407e-05
0.176 5.61356e-05
0.177 5.85233e-05
0.178 6.10073e-05
0.179 6.35913e-05
0.18 6.62791e-05
0.181 6.90745e-05
0.182 7.19816e-05
0.183 7.50047e-05
0.184 7.8148e-05
0.185 8.1416e-05
0.186 8.48134e-05
0.187 8.83449e-05
0.188 9.20156e-05
0.189 9.58305e-05
0.19 9.97951e-05
0.191 0.000103915
0.192 0.000108195
0.193 0.000112642
0.194 0.000117261
0.195 0.00012206
0.196 0.000127044
0.197 0.00013222
0.198 0.000137595
0.199 0.000143176
0.2 0.00014897
0.201 0.000154986
0.202 0.000161231
0.203 0.000167712
0.204 0.00017444
0.205 0.000181421
0.206 0.000188665
0.207 0.000196182
0.208 0.000203981
0.209 0.000212071
0.21 0.000220463
0.211 0.000229167
0.212 0.000238194
0.213 0.000247555
0.214 0.000257261
0.215 0.000267325
0.216 0.000277759
0.217 0.000288575
0.218 0.000299785
0.219 0.000311405
0.22 0.000323446
0.221 0.000335924
0.222 0.000348852
0.223 0.000362247
0.224 0.000376123
0.225 0.000390497
0.226 0.000405384
0.227 0.000420802
0.228 0.000436769
0.229 0.000453302
0.23 0.000470419
0.231 0.00048814
0.232 0.000506484
0.233 0.000525472
0.234 0.000545124
0.235 0.000565461
0.236 0.000586506
0.237 0.00060828
0.238 0.000630807
0.239 0.000654112
0.24 0.000678217
0.241 0.000703149
0.242 0.000728934
0.243 0.000755598
0.244 0.000783168
0.245 0.000811672
0.246 0.00084114
0.247 0.000871601
0.248 0.000903086
0.249 0.000935625
0.25 0.000969252
0.251 0.001004
0.252 0.0010399
0.253 0.00107699
0.254 0.0011153
0.255 0.00115487
0.256 0.00119574
0.257 0.00123795
0.258 0.00128154
0.259 0.00132654
0.26 0.001373
0.261 0.00142096
0.262 0.00147047
0.263 0.00152156
0.264 0.00157429
0.265 0.00162871
0.266 0.00168485
0.267 0.00174278
0.268 0.00180253
0.269 0.00186417
0.27 0.00192775
0.271 0.00199331
0.272 0.00206092
0.273 0.00213064
0.274 0.00220251
0.275 0.00227661
0.276 0.00235299
0.277 0.00243171
0.278 0.00251284
0.279 0.00259645
0.28 0.0026826
0.281 0.00277135
0.282 0.00286279
0.283 0.00295698
0.284 0.00305399
0.285 0.0031539
0.286 0.00325679
0.287 0.00336273
0.288 0.0034718
0.289 0.00358409
0.29 0.00369968
0.291 0.00381865
0.292 0.00394108
0.293 0.00406708
0.294 0.00419673
0.295 0.00433011
0.296 0.00446733
0.297 0.00460848
0.298 0.00475366
0.299 0.00490297
0.3 0.00505651
0.301 0.00521438
0.302 0.00537669
0.303 0.00554355
0.304 0.00571507
0.305 0.00589136
0.306 0.00607253
0.307 0.0062587
0.308 0.00644999
0.309 0.00664652
0.31 0.00684841
0.311 0.00705579
0.312 0.00726878
0.313 0.00748751
0.314 0.00771212
0.315 0.00794273
0.316 0.0081795
0.317 0.00842254
0.318 0.008672
0.319 0.00892804
0.32 0.00919078
0.321 0.00946038
0.322 0.009737
0.323 0.0100208
0.324 0.0103119
0.325 0.0106104
0.326 0.0109166
0.327 0.0112306
0.328 0.0115526
0.329 0.0118826
0.33 0.012221
0.331 0.0125678
0.332 0.0129233
0.333 0.0132876
0.334 0.0136609
0.335 0.0140434
0.336 0.0144352
0.337 0.0148365
0.338 0.0152476
0.339 0.0156687
0.34 0.0160998
0.341 0.0165412
0.342 0.0169932
0.343 0.0174558
0.344 0.0179294
0.345 0.0184141
0.346 0.01891
0.347 0.0194175
0.348 0.0199368
0.349 0.020468
0.35 0.0210113
0.351 0.0215671
0.352 0.0221354
0.353 0.0227166
0.354 0.0233107
0.355 0.0239182
0.356 0.0245391
0.357 0.0251738
0.358 0.0258224
0.359 0.0264852
0.36 0.0271623
0.361 0.0278542
0.362 0.0285609
0.363 0.0292827
0.364 0.0300199
0.365 0.0307726
0.366 0.0315412
0.367 0.0323259
0.368 0.0331269
0.369 0.0339445
0.37 0.0347788
0.371 0.0356302
0.372 0.036499
0.373 0.0373852
0.374 0.0382892
0.375 0.0392113
0.376 0.0401517
0.377 0.0411106
0.378 0.0420882
0.379 0.0430849
0.38 0.0441009
0.381 0.0451364
0.382 0.0461916
0.383 0.0472669
0.384 0.0483624
0.385 0.0494784
0.386 0.0506151
0.387 0.0517728
0.388 0.0529518
0.389 0.0541522
0.39 0.0553743
0.391 0.0566183
0.392 0.0578845
0.393 0.0591731
0.394 0.0604843
0.395 0.0618184
0.396 0.0631755
0.397 0.064556
0.398 0.0659599
0.399 0.0673876
0.4 0.0688392
0.401 0.0703149
0.402 0.071815
0.403 0.0733396
0.404 0.074889
0.405 0.0764633
0.406 0.0780627
0.407 0.0796874
0.408 0.0813376
0.409 0.0830134
0.41 0.084715
0.411 0.0864426
0.412 0.0881962
0.413 0.0899762
0.414 0.0917825
0.415 0.0936154
0.416 0.0954749
0.417 0.0973612
0.418 0.0992744
0.419 0.101215
0.42 0.103182
0.421 0.105176
0.422 0.107198
0.423 0.109247
0.424 0.111323
0.425 0.113427
0.426 0.115558
0.427 0.117717
0.428 0.119904
0.429 0.122117
0.43 0.124359
0.431 0.126628
0.432 0.128924
0.433 0.131248
0.434 0.133599
0.435 0.135978
0.436 0.138384
0.437 0.140817
0.438 0.143277
0.439 0.145764
0.44 0.148278
0.441 0.150819
0.442 0.153387
0.443 0.155981
0.444 0.158601
0.445 0.161247
0.446 0.163919
0.447 0.166616
0.448 0.169339
0.449 0.172088
0.45 0.17486
0.451 0.177658
0.452 0.18048
0.453 0.183325
0.454 0.186195
0.455 0.189087
0.456 0.192003
0.457 0.19494
0.458 0.1979
0.459 0.200882
0.46 0.203884
0.461 0.206908
0.462 0.209951
0.463 0.213014
0.464 0.216097
0.465 0.219198
0.466 0.222317
0.467 0.225453
0.468 0.228607
0.469 0.231776
0.47 0.234962
0.471 0.238162
0.472 0.241376
0.473 0.244604
0.474 0.247845
0.475 0.251098
0.476 0.254362
0.477 0.257637
0.478 0.260921
0.479 0.264214
0.48 0.267515
0.481 0.270823
0.482 0.274137
0.483 0.277457
0.484 0.280781
0.485 0.284108
0.486 0.287438
0.487 0.290769
0.488 0.2941
0.489 0.29743
0.49 0.300759
0.491 0.304084
0.492 0.307406
0.493 0.310722
0.494 0.314032
0.495 0.317335
0.496 0.320628
0.497 0.323912
0.498 0.327185
0.499 0.330445
0.5 0.333691
0.501 0.336922
0.502 0.340136
0.503 0.343333
0.504 0.346511
0.505 0.349668
0.506 0.352803
0.507 0.355915
0.508 0.359002
0.509 0.362062
0.51 0.365095
0.511 0.368099
0.512 0.371071
0.513 0.374012
0.514 0.376918
0.515 0.379789
0.516 0.382624
0.517 0.385419
0.518 0.388174
0.519 0.390887
0.52 0.393557
0.521 0.396182
0.522 0.39876
0.523 0.401289
0.524 0.403768
0.525 0.406196
0.526 0.40857
0.527 0.410888
0.528 0.41315
0.529 0.415353
0.53 0.417495
0.531 0.419575
0.532 0.421591
0.533 0.423542
0.534 0.425425
0.535 0.427238
0.536 0.428981
0.537 0.430651
0.538 0.432246
0.539 0.433765
0.54 0.435206
0.541 0.436567
0.542 0.437847
0.543 0.439043
0.544 0.440154
0.545 0.441178
0.546 0.442114
0.547 0.442959
0.548 0.443712
0.549 0.444371
0.55 0.444935
0.551 0.445401
0.552 0.445768
0.553 0.446035
0.554 0.446199
0.555 0.44626
0.556 0.446215
0.557 0.446063
0.558 0.445802
0.559 0.44543
0.56 0.444947
0.561 0.44435
0.562 0.443638
0.563 0.44281
0.564 0.441863
0.565 0.440797
0.566 0.439611
0.567 0.438302
0.568 0.436869
0.569 0.435312
0.57 0.433628
0.571 0.431817
0.572 0.429876
0.573 0.427806
0.574 0.425605
0.575 0.423271
0.576 0.420804
0.577 0.418203
0.578 0.415466
0.579 0.412592
0.58 0.409581
0.581 0.406432
0.582 0.403143
0.583 0.399715
0.584 0.396145
0.585 0.392434
0.586 0.388581
0.587 0.384585
0.588 0.380446
0.589 0.376162
0.59 0.371734
0.591 0.367161
0.592 0.362443
0.593 0.35758
0.594 0.35257
0.595 0.347414
0.596 0.342112
0.597 0.336664
0.598 0.331069
0.599 0.325328
0.6 0.31944
0.601 0.313406
0.602 0.307226
0.603 0.3009
0.604 0.294429
0.605 0.287812
0.606 0.281051
0.607 0.274145
0.608 0.267096
0.609 0.259904
0.61 0.252569
0.611 0.245092
0.612 0.237475
0.613 0.229718
0.614 0.221821
0.615 0.213787
0.616 0.205615
0.617 0.197308
0.618 0.188866
0.619 0.18029
0.62 0.171583
0.621 0.162744
0.622 0.153777
0.623 0.144682
0.624 0.13546
0.625 0.126115
0.626 0.116646
0.627 0.107057
0.628 0.0973482
0.629 0.0875226
0.63 0.0775819
0.631 0.0675281
0.632 0.0573633
0.633 0.0470897
0.634 0.0367095
0.635 0.0262251
0.636 0.0156388
0.637 0.0049531
0.638 -0.00582956
0.639 -0.0167066
0.64 -0.0276754
0.641 -0.0387333
0.642 -0.0498776
0.643 -0.0611055
0.644 -0.072414
0.645 -0.0838004
0.646 -0.0952617
0.647 -0.106795
0.648 -0.118397
0.649 -0.130064
0.65 -0.141794
0.651 -0.153583
0.652 -0.165429
0.653 -0.177327
0.654 -0.189274
0.655 -0.201267
0.656 -0.213303
0.657 -0.225377
0.658 -0.237487
0.659 -0.249629
0.66 -0.261799
0.661 -0.273994
0.662 -0.286209
0.663 -0.298442
0.664 -0.310688
0.665 -0.322943
0.666 -0.335204
0.667 -0.347468
0.668 -0.359729
0.669 -0.371984
0.67 -0.38423
0.671 -0.396462
0.672 -0.408676
0.673 -0.420869
0.674 -0.433036
0.675 -0.445174
0.676 -0.457277
0.677 -0.469343
0.678 -0.481368
0.679 -0.493346
0.68 -0.505275
0.681 -0.51715
0.682 -0.528966
0.683 -0.540721
0.684 -0.55241
0.685 -0.564029
0.686 -0.575573
0.687 -0.587039
0.688 -0.598423
0.689 -0.609721
0.69 -0.620929
0.691 -0.632042
0.692 -0.643057
0.693 -0.65397
0.694 -0.664777
0.695 -0.675475
0.696 -0.686058
0.697 -0.696524
0.698 -0.706868
0.699 -0.717087
0.7 -0.727177
0.701 -0.737135
0.702 -0.746956
0.703 -0.756637
0.704 -0.766175
0.705 -0.775565
0.706 -0.784805
0.707 -0.793891
0.708 -0.802819
0.709 -0.811587
0.71 -0.82019
0.711 -0.828626
0.712 -0.836892
0.713 -0.844984
0.714 -0.852899
0.715 -0.860634
0.716 -0.868186
0.717 -0.875553
0.718 -0.882732
0.719 -0.889719
0.72 -0.896513
0.721 -0.90311
0.722 -0.909507
0.723 -0.915704
0.724 -0.921696
0.725 -0.927483
0.726 -0.93306
0.727 -0.938428
0.728 -0.943582
0.729 -0.948522
0.73 -0.953245
0.731 -0.957749
0.732 -0.962034
0.733 -0.966096
0.734 -0.969935
0.735 -0.973549
0.736 -0.976936
0.737 -0.980095
0.738 -0.983026
0.739 -0.985726
0.74 -0.988195
0.741 -0.990432
0.742 -0.992436
0.743 -0.994206
0.744 -0.995741
0.745 -0.997042
0.746 -0.998106
0.747 -0.998934
0.748 -0.999526
0.749 -0.999882
0.75 -1
0.751 -0.999882
0.752 -0.999526
0.753 -0.998934
0.754 -0.998106
0.755 -0.997042
0.756 -0.995741
0.757 -0.994206
0.758 -0.992436
0.759 -0.990432
0.76 -0.988195
0.761 -0.985726
0.762 -0.983026
0.763 -0.980095
0.764 -0.976936
0.765 -0.973549
0.766 -0.969935
0.767 -0.966096
0.768 -0.962034
0.769 -0.957749
0.77 -0.953245
0.771 -0.948522
0.772 -0.943582
0.773 -0.938428
0.774 -0.93306
0.775 -0.927483
0.776 -0.921696
0.777 -0.915704
0.778 -0.909507
0.779 -0.90311
0.78 -0.896513
0.781 -0.889719
0.782 -0.882732
0.783 -0.875553
0.784 -0.868186
0.785 -0.860634
0.786 -0.852899
0.787 -0.844984
0.788 -0.836892
0.789 -0.828626
0.79 -0.82019
0.791 -0.811587
0.792 -0.802819
0.793 -0.793891
0.794 -0.784805
0.795 -0.775565
0.796 -0.766175
0.797 -0.756637
0.798 -0.746956
0.799 -0.737135
0.8 -0.727177
0.801 -0.717087
0.802 -0.706868
0.803 -0.696524
0.804 -0.686058
0.805 -0.675475
0.806 -0.664777
0.807 -0.65397
0.808 -0.643057
0.809 -0.632042
0.81 -0.620929
0.811 -0.609721
0.812 -0.598423
0.813 -0.587039
0.814 -0.575573
0.815 -0.564029
0.816 -0.55241
0.817 -0.540721
0.818 -0.528966
0.819 -0.51715
0.82 -0.505275
0.821 -0.493346
0.822 -0.481368
0.823 -0.469343
0.824 -0.457277
0.825 -0.445174
0.826 -0.433036
0.827 -0.420869
0.828 -0.408676
0.829 -0.396462
0.83 -0.38423
0.831 -0.371984
0.832 -0.359729
0.833 -0.347468
0.834 -0.335204
0.835 -0.322943
0.836 -0.310688
0.837 -0.298442
0.838 -0.286209
0.839 -0.273994
0.84 -0.261799
0.841 -0.249629
0.842 -0.237487
0.843 -0.225377
0.844 -0.213303
0.845 -0.201267
0.846 -0.189274
0.847 -0.177327
0.848 -0.165429
0.849 -0.153583
0.85 -0.141794
0.851 -0.130064
0.852 -0.118397
0.853 -0.106795
0.854 -0.0952617
0.855 -0.0838004
0.856 -0.072414
0.857 -0.0611055
0.858 -0.0498776
0.859 -0.0387333
0.86 -0.0276754
0.861 -0.0167066
0.862 -0.00582956
0.863 0.0049531
0.864 0.0156388
0.865 0.0262251
0.866 0.0367095
0.867 0.0470897
0.868 0.0573633
0.869 0.0675281
0.87 0.0775819
0.871 0.0875226
0.872 0.0973482
0.873 0.107057
0.874 0.116646
0.875 0.126115
0.876 0.13546
0.877 0.144682
0.878 0.153777
0.879 0.162744
0.88 0.171583
0.881 0.18029
0.882 0.188866
0.883 0.197308
0.884 0.205615
0.885 0.213787
0.886 0.221821
0.887 0.229718
0.888 0.237475
0.889 0.245092
0.89 0.252569
0.891 0.259904
0.892 0.267096
0.893 0.274145
0.894 0.281051
0.895 0.287812
0.896 0.294429
0.897 0.3009
0.898 0.307226
0.899 0.313406
0.9 0.31944
0.901 0.325328
0.902 0.331069
0.903 0.336664
0.904 0.342112
0.905 0.347414
0.906 0.35257
0.907 0.35758
0.908 0.362443
0.909 0.367161
0.91 0.371734
0.911 0.376162
0.912 0.380446
0.913 0.384585
0.914 0.388581
0.915 0.392434
0.916 0.396145
0.917 0.399715
0.918 0.403143
0.919 0.406432
0.92 0.409581
0.921 0.412592
0.922 0.415466
0.923 0.418203
0.924 0.420804
0.925 0.423271
0.926 0.425605
0.927 0.427806
0.928 0.429876
0.929 0.431817
0.93 0.433628
0.931 0.435312
0.932 0.436869
0.933 0.438302
0.934 0.439611
0.935 0.440797
0.936 0.441863
0.937 0.44281
0.938 0.443638
0.939 0.44435
0.94 0.444947
0.941 0.44543
0.942 0.445802
0.943 0.446063
0.944 0.446215
0.945 0.44626
0.946 0.446199
0.947 0.446035
0.948 0.445768
0.949 0.445401
0.95 0.444935
0.951 0.444371
0.952 0.443712
0.953 0.442959
0.954 0.442114
0.955 0.441178
0.956 0.440154
0.957 0.439043
0.958 0.437847
0.959 0.436567
0.96 0.435206
0.961 0.433765
0.962 0.432246
0.963 0.430651
0.964 0.428981
0.965 0.427238
0.966 0.425425
0.967 0.423542
0.968 0.421591
0.969 0.419575
0.97 0.417495
0.971 0.415353
0.972 0.41315
0.973 0.410888
0.974 0.40857
0.975 0.406196
0.976 0.403768
0.977 0.401289
0.978 0.39876
0.979 0.396182
0.98 0.393557
0.981 0.390887
0.982 0.388174
0.983 0.385419
0.984 0.382624
0.985 0.379789
0.986 0.376918
0.987 0.374012
0.988 0.371071
0.989 0.368099
0.99 0.365095
0.991 0.362062
0.992 0.359002
0.993 0.355915
0.994 0.352803
0.995 0.349668
0.996 0.346511
0.997 0.343333
0.998 0.340136
0.999 0.336922
1 0.333691
1.001 0.330445
1.002 0.327185
1.003 0.323912
1.004 0.320628
1.005 0.317335
1.006 0.314032
1.007 0.310722
1.008 0.307406
1.009 0.304084
1.01 0.300759
1.011 0.29743
1.012 0.2941
1.013 0.290769
1.014 0.287438
1.015 0.284108
1.016 0.280781
1.017 0.277457
1.018 0.274137
1.019 0.270823
1.02 0.267515
1.021 0.264214
1.022 0.260921
1.023 0.257637
1.024 0.254362
1.025 0.251098
1.026 0.247845
1.027 0.244604
1.028 0.241376
1.029 0.238162
1.03 0.234962
1.031 0.231776
1.032 0.228607
1.033 0.225453
1.034 0.222317
1.035 0.219198
1.036 0.216097
1.037 0.213014
1.038 0.209951
1.039 0.206908
1.04 0.203884
1.041 0.200882
1.042 0.1979
1.043 0.19494
1.044 0.192003
1.045 0.189087
1.046 0.186195
1.047 0.183325
1.048 0.18048
1.049 0.177658
1.05 0.17486
1.051 0.172088
1.052 0.169339
1.053 0.166616
1.054 0.163919
1.055 0.161247
1.056 0.158601
1.057 0.155981
1.058 0.153387
1.059 0.150819
1.06 0.148278
1.061 0.145764
1.062 0.143277
1.063 0.140817
1.064 0.138384
1.065 0.135978
1.066 0.133599
1.067 0.131248
1.068 0.128924
1.069 0.126628
1.07 0.124359
1.071 0.122117
1.072 0.119904
1.073 0.117717
1.074 0.115558
1.075 0.113427
1.076 0.111323
1.077 0.109247
1.078 0.107198
1.079 0.105176
1.08 0.103182
1.081 0.101215
1.082 0.0992744
1.083 0.0973612
1.084 0.0954749
1.085 0.0936154
1.086 0.0917825
1.087 0.0899762
1.088 0.0881962
1.089 0.0864426
1.09 0.084715
1.091 0.0830134
1.092 0.0813376
1.093 0.0796874
1.094 0.0780627
1.095 0.0764633
1.096 0.074889
1.097 0.0733396
1.098 0.071815
1.099 0.0703149
1.1 0.0688392
1.101 0.0673876
1.102 0.0659599
1.103 0.064556
1.104 0.0631755
1.105 0.0618184
1.106 0.0604843
1.107 0.0591731
1.108 0.0578845
1.109 0.0566183
1.11 0.0553743
1.111 0.0541522
1.112 0.0529518
1.113 0.0517728
1.114 0.0506151
1.115 0.0494784
1.116 0.0483624
1.117 0.0472669
1.118 0.0461916
1.119 0.0451364
1.12 0.0441009
1.121 0.0430849
1.122 0.0420882
1.123 0.0411106
1.124 0.0401517
1.125 0.0392113
1.126 0.0382892
1.127 0.0373852
1.128 0.036499
1.129 0.0356302
1.13 0.0347788
1.131 0.0339445
1.132 0.0331269
1.133 0.0323259
1.134 0.0315412
1.135 0.0307726
1.136 0.0300199
1.137 0.0292827
1.138 0.0285609
1.139 0.0278542
1.14 0.0271623
1.141 0.0264852
1.142 0.0258224
1.143 0.0251738
1.144 0.0245391
1.145 0.0239182
1.146 0.0233107
1.147 0.0227166
1.148 0.0221354
1.149 0.0215671
1.15 0.0210113
1.151 0.020468
1.152 0.0199368
1.153 0.0194175
1.154 0.01891
1.155 0.0184141
1.156 0.0179294
1.157 0.0174558
1.158 0.0169932
1.159 0.0165412
1.16 0.0160998
1.161 0.0156687
1.162 0.0152476
1.163 0.0148365
1.164 0.0144352
1.165 0.0140434
1.166 0.0136609
1.167 0.0132876
1.168 0.0129233
1.169 0.0125678
1.17 0.012221
1.171 0.0118826
1.172 0.0115526
1.173 0.0112306
1.174 0.0109166
1.175 0.0106104
1.176 0.0103119
1.177 0.0100208
1.178 0.009737
1.179 0.00946038
1.18 0.00919078
1.181 0.00892804
1.182 0.008672
1.183 0.00842254
1.184 0.0081795
1.185 0.00794273
1.186 0.00771212
1.187 0.00748751
1.188 0.00726878
1.189 0.00705579
1.19 0.00684841
1.191 0.00664652
1.192 0.00644999
1.193 0.0062587
1.194 0.00607253
1.195 0.00589136
1.196 0.00571507
1.197 0.00554355
1.198 0.00537669
1.199 0.00521438
1.2 0.00505651
1.201 0.00490297
1.202 0.00475366
1.203 0.00460848
1.204 0.00446733
1.205 0.00433011
1.206 0.00419673
1.207 0.00406708
1.208 0.00394108
1.209 0.00381865
1.21 0.00369968
1.211 0.00358409
1.212 0.0034718
1.213 0.00336273
1.214 0.00325679
1.215 0.0031539
1.216 0.00305399
1.217 0.00295698
1.218 0.00286279
1.219 0.00277135
1.22 0.0026826
1.221 0.00259645
1.222 0.00251284
1.223 0.00243171
1.224 0.00235299
1.225 0.00227661
1.226 0.00220251
1.227 0.00213064
1.228 0.00206092
1.229 0.00199331
1.23 0.00192775
1.231 0.00186417
1.232 0.00180253
1.233 0.00174278
1.234 0.00168485
1.235 0.00162871
1.236 0.00157429
1.237 0.00152156
1.238 0.00147047
1.239 0.00142096
1.24 0.001373
1.241 0.00132654
1.242 0.00128154
1.243 0.00123795
1.244 0.00119574
1.245 0.00115487
1.246 0.0011153
1.247 0.00107699
1.248 0.0010399
1.249 0.001004
1.25 0.000969252
1.251 0.000935625
1.252 0.000903086
1.253 0.000871601
1.254 0.00084114
1.255 0.000811672
1.256 0.000783168
1.257 0.000755598
1.258 0.000728934
1.259 0.000703149
1.26 0.000678217
1.261 0.000654112
1.262 0.000630807
1.263 0.00060828
1.264 0.000586506
1.265 0.000565461
1.266 0.000545124
1.267 0.000525472
1.268 0.000506484
1.269 0.00048814
1.27 0.000470419
1.271 0.000453302
1.272 0.000436769
1.273 0.000420802
1.274 0.000405384
1.275 0.000390497
1.276 0.000376123
1.277 0.000362247
1.278 0.000348852
1.279 0.000335924
1.28 0.000323446
1.281 0.000311405
1.282 0.000299785
1.283 0.000288575
1.284 0.000277759
1.285 0.000267325
1.286 0.000257261
1.287 0.000247555
1.288 0.000238194
1.289 0.000229167
1.29 0.000220463
1.291 0.000212071
1.292 0.000203981
1.293 0.000196182
1.294 0.000188665
1.295 0.000181421
1.296 0.00017444
1.297 0.000167712
1.298 0.000161231
1.299 0.000154986
1.3 0.00014897
1.301 0.000143176
1.302 0.000137595
1.303 0.00013222
1.304 0.000127044
1.305 0.00012206
1.306 0.000117261
1.307 0.000112642
1.308 0.000108195
1.309 0.000103915
1.31 9.97951e-05
1.311 9.58305e-05
1.312 9.20156e-05
1.313 8.83449e-05
1.314 8.48134e-05
1.315 8.1416e-05
1.316 7.8148e-05
1.317 7.50047e-05
1.318 7.19816e-05
1.319 6.90745e-05
1.32 6.62791e-05
1.321 6.35913e-05
1.322 6.10073e-05
1.323 5.85233e-05
1.324 5.61356e-05
1.325 5.38407e-05
1.326 5.16352e-05
1.327 4.95158e-05
1.328 4.74793e-05
1.329 4.55227e-05
1.33 4.36429e-05
1.331 4.18373e-05
1.332 4.01028e-05
1.333 3.8437e-05
1.334 3.68373e-05
1.335 3.53011e-05
1.336 3.3826e-05
1.337 3.24099e-05
1.338 3.10503e-05
1.339 2.97453e-05
1.34 2.84927e-05
1.341 2.72905e-05
1.342 2.61368e-05
1.343 2.50297e-05
1.344 2.39675e-05
1.345 2.29484e-05
1.346 2.19707e-05
1.347 2.10329e-05
1.348 2.01335e-05
1.349 1.92708e-05
1.35 1.84436e-05
1.351 1.76503e-05
1.352 1.68897e-05
1.353 1.61606e-05
1.354 1.54616e-05
1.355 1.47915e-05
1.356 1.41493e-05
1.357 1.35339e-05
1.358 1.29441e-05
1.359 1.23789e-05
1.36 1.18375e-05
1.361 1.13187e-05
1.362 1.08218e-05
1.363 1.03458e-05
1.364 9.88989e-06
1.365 9.45328e-06
1.366 9.03518e-06
1.367 8.63484e-06
1.368 8.25154e-06
1.369 7.88458e-06
1.37 7.5333e-06
1.371 7.19707e-06
1.372 6.87526e-06
1.373 6.56728e-06
1.374 6.27257e-06
1.375 5.99058e-06
1.376 5.72078e-06
1.377 5.46267e-06
1.378 5.21576e-06
1.379 4.97959e-06
1.38 4.75372e-06
1.381 4.5377e-06
1.382 4.33114e-06
1.383 4.13363e-06
1.384 3.94479e-06
1.385 3.76427e-06
1.386 3.5917e-06
1.387 3.42675e-06
1.388 3.2691e-06
1.389 3.11844e-06
1.39 2.97448e-06
1.391 2.83692e-06
1.392 2.7055e-06
1.393 2.57994e-06
1.394 2.46001e-06
1.395 2.34545e-06
1.396 2.23604e-06
1.397 2.13155e-06
1.398 2.03178e-06
1.399 1.93651e-06
1.4 1.84555e-06
1.401 1.75872e-06
1.402 1.67583e-06
1.403 1.59672e-06
1.404 1.52121e-06
1.405 1.44915e-06
1.406 1.38039e-06
1.407 1.31478e-06
1.408 1.25218e-06
1.409 1.19247e-06
1.41 1.1355e-06
1.411 1.08117e-06
1.412 1.02935e-06
1.413 9.79931e-07
1.414 9.32807e-07
1.415 8.87874e-07
1.416 8.45035e-07
1.417 8.04195e-07
1.418 7.65265e-07
1.419 7.28158e-07
1.42 6.92793e-07
1.421 6.5909e-07
1.422 6.26974e-07
1.423 5.96373e-07
1.424 5.67218e-07
1.425 5.39443e-07
1.426 5.12985e-07
1.427 4.87784e-07
1.428 4.63783e-07
1.429 4.40925e-07
1.43 4.19159e-07
1.431 3.98434e-07
1.432 3.78702e-07
1.433 3.59917e-07
1.434 3.42035e-07
1.435 3.25015e-07
1.436 3.08816e-07
1.437 2.93399e-07
1.438 2.78729e-07
1.439 2.64771e-07
1.44 2.5149e-07
1.441 2.38856e-07
1.442 2.26837e-07
1.443 2.15405e-07
1.444 2.04532e-07
1.445 1.94192e-07
1.446 1.84359e-07
1.447 1.7501e-07
1.448 1.6612e-07
1.449 1.57669e-07
1.45 1.49636e-07
1.451 1.42e-07
1.452 1.34742e-07
1.453 1.27845e-07
1.454 1.21291e-07
1.455 1.15063e-07
1.456 1.09146e-07
1.457 1.03524e-07
1.458 9.81841e-08
1.459 9.31116e-08
1.46 8.82939e-08
1.461 8.37185e-08
1.462 7.93735e-08
1.463 7.52478e-08
1.464 7.13306e-08
1.465 6.76117e-08
1.466 6.40814e-08
1.467 6.07303e-08
1.468 5.75497e-08
1.469 5.45312e-08
1.47 5.16667e-08
1.471 4.89485e-08
1.472 4.63696e-08
1.473 4.39228e-08
1.474 4.16017e-08
1.475 3.94e-08
1.476 3.73117e-08
1.477 3.53312e-08
1.478 3.3453e-08
1.479 3.1672e-08
1.48 2.99834e-08
1.481 2.83824e-08
1.482 2.68647e-08
1.483 2.5426e-08
1.484 2.40624e-08
1.485 2.277e-08
1.486 2.15453e-08
1.487 2.03847e-08
1.488 1.92851e-08
1.489 1.82433e-08
1.49 1.72563e-08
1.491 1.63213e-08
1.492 1.54358e-08
1.493 1.4597e-08
1.494 1.38027e-08
1.495 1.30506e-08
1.496 1.23384e-08
1.497 1.16641e-08
1.498 1.10258e-08
1.499 1.04215e-08
1.5 9.84949e-09
1.501 9.30814e-09
1.502 8.79581e-09
1.503 8.31099e-09
1.504 7.85225e-09
1.505 7.41821e-09
1.506 7.00759e-09
1.507 6.61914e-09
1.508 6.25172e-09
1.509 5.9042e-09
1.51 5.57554e-09
1.511 5.26473e-09
1.512 4.97084e-09
1.513 4.69297e-09
1.514 4.43027e-09
1.515 4.18193e-09
1.516 3.94718e-09
1.517 3.7253e-09
1.518 3.5156e-09
1.519 3.31744e-09
1.52 3.13018e-09
1.521 2.95325e-09
1.522 2.78609e-09
1.523 2.62818e-09
1.524 2.47901e-09
1.525 2.33812e-09
1.526 2.20505e-09
1.527 2.07938e-09
1.528 1.96071e-09
1.529 1.84867e-09
1.53 1.74288e-09
1.531 1.64301e-09
1.532 1.54873e-09
1.533 1.45975e-09
1.534 1.37576e-09
1.535 1.2965e-09
1.536 1.22171e-09
1.537 1.15113e-09
1.538 1.08454e-09
1.539 1.02172e-09
1.54 9.62463e-10
1.541 9.06564e-10
1.542 8.53843e-10
1.543 8.0412e-10
1.544 7.57232e-10
1.545 7.13018e-10
1.546 6.71331e-10
1.547 6.32029e-10
1.548 5.94979e-10
1.549 5.60055e-10
1.55 5.27137e-10
1.551 4.96113e-10
1.552 4.66877e-10
1.553 4.39328e-10
1.554 4.1337e-10
1.555 3.88914e-10
1.556 3.65874e-10
1.557 3.44172e-10
1.558 3.2373e-10
1.559 3.04477e-10
1.56 2.86345e-10
1.561 2.69271e-10
1.562 2.53195e-10
1.563 2.38058e-10
1.564 2.23809e-10
1.565 2.10395e-10
1.566 1.97768e-10
1.567 1.85884e-10
1.568 1.747e-10
1.569 1.64175e-10
1.57 1.54272e-10
1.571 1.44954e-10
1.572 1.36188e-10
1.573 1.27941e-10
1.574 1.20184e-10
1.575 1.12888e-10
1.576 1.06026e-10
1.577 9.95734e-11
1.578 9.35055e-11
1.579 8.78002e-11
1.58 8.24363e-11
1.581 7.73937e-11
1.582 7.26536e-11
1.583 6.81982e-11
1.584 6.40108e-11
1.585 6.00756e-11
1.586 5.63777e-11
1.587 5.2903e-11
1.588 4.96385e-11
1.589 4.65716e-11
1.59 4.36905e-11
1.591 4.09844e-11
1.592 3.84427e-11
1.593 3.60557e-11
1.594 3.38141e-11
1.595 3.17093e-11
1.596 2.97331e-11
1.597 2.78778e-11
1.598 2.61361e-11
1.599 2.45012e-11
1.6 2.29666e-11
1.601 2.15265e-11
1.602 2.0175e-11
1.603 1.89068e-11
1.604 1.77168e-11
1.605 1.66004e-11
1.606 1.55531e-11
1.607 1.45706e-11
1.608 1.36491e-11
1.609 1.27849e-11
1.61 1.19743e-11
1.611 1.12143e-11
1.612 1.05016e-11
1.613 9.83343e-12
1.614 9.20701e-12
1.615 8.61978e-12
1.616 8.06935e-12
1.617 7.55346e-12
1.618 7.06996e-12
1.619 6.61687e-12
1.62 6.19232e-12
1.621 5.79453e-12
1.622 5.42185e-12
1.623 5.07273e-12
1.624 4.74569e-12
1.625 4.43938e-12
1.626 4.1525e-12
1.627 3.88385e-12
1.628 3.63227e-12
1.629 3.39672e-12
1.63 3.17618e-12
1.631 2.96972e-12
1.632 2.77645e-12
1.633 2.59555e-12
1.634 2.42623e-12
1.635 2.26778e-12
1.636 2.1195e-12
1.637 1.98075e-12
1.638 1.85094e-12
1.639 1.72949e-12
1.64 1.61588e-12
1.641 1.50961e-12
1.642 1.41022e-12
1.643 1.31726e-12
1.644 1.23032e-12
1.645 1.14903e-12
1.646 1.07303e-12
1.647 1.00197e-12
1.648 9.35539e-13
1.649 8.73442e-13
1.65 8.154e-13
1.651 7.61153e-13
1.652 7.10457e-13
1.653 6.63084e-13
1.654 6.18819e-13
1.655 5.77461e-13
1.656 5.38824e-13
1.657 5.02731e-13
1.658 4.69018e-13
1.659 4.3753e-13
1.66 4.08122e-13
1.661 3.8066e-13
1.662 3.55017e-13
1.663 3.31074e-13
1.664 3.08721e-13
1.665 2.87854e-13
1.666 2.68375e-13
1.667 2.50195e-13
1.668 2.33226e-13
1.669 2.17391e-13
1.67 2.02615e-13
1.671 1.88827e-13
1.672 1.75963e-13
1.673 1.63963e-13
1.674 1.52768e-13
1.675 1.42326e-13
1.676 1.32587e-13
1.677 1.23504e-13
1.678 1.15035e-13
1.679 1.07137e-13
1.68 9.97734e-14
1.681 9.29083e-14
1.682 8.65086e-14
1.683 8.05431e-14
1.684 7.4983e-14
1.685 6.98009e-14
1.686 6.49717e-14
1.687 6.04718e-14
1.688 5.62789e-14
1.689 5.23724e-14
1.69 4.87332e-14
1.691 4.53431e-14
1.692 4.21855e-14
1.693 3.92445e-14
1.694 3.65056e-14
1.695 3.39551e-14
1.696 3.15802e-14
1.697 2.93691e-14
1.698 2.73105e-14
1.699 2.53942e-14
1.7 2.36104e-14
1.701 2.19501e-14
1.702 2.04049e-14
1.703 1.8967e-14
1.704 1.76289e-14
1.705 1.63839e-14
1.706 1.52256e-14
1.707 1.41481e-14
1.708 1.31457e-14
1.709 1.22134e-14
1.71 1.13462e-14
1.711 1.05398e-14
1.712 9.7899e-15
1.713 9.09261e-15
1.714 8.4443e-15
1.715 7.84158e-15
1.716 7.28128e-15
1.717 6.76048e-15
1.718 6.27641e-15
1.719 5.82653e-15
1.72 5.40846e-15
1.721 5.01998e-15
1.722 4.65902e-15
1.723 4.32367e-15
1.724 4.01213e-15
1.725 3.72274e-15
1.726 3.45394e-15
1.727 3.20428e-15
1.728 2.97244e-15
1.729 2.75714e-15
1.73 2.55723e-15
1.731 2.37162e-15
1.732 2.19931e-15
1.733 2.03935e-15
1.734 1.89087e-15
1.735 1.75306e-15
1.736 1.62516e-15
1.737 1.50647e-15
1.738 1.39634e-15
1.739 1.29415e-15
1.74 1.19934e-15
1.741 1.11139e-15
1.742 1.02981e-15
1.743 9.54132e-16
1.744 8.83947e-16
1.745 8.18859e-16
1.746 7.58502e-16
1.747 7.02537e-16
1.748 6.50649e-16
1.749 6.02544e-16
1.75 5.5795e-16
1.751 5.16615e-16
1.752 4.78303e-16
1.753 4.42797e-16
1.754 4.09893e-16
1.755 3.79404e-16
1.756 3.51154e-16
1.757 3.24981e-16
1.758 3.00734e-16
1.759 2.78274e-16
1.76 2.57471e-16
1.761 2.38203e-16
1.762 2.2036e-16
1.763 2.03836e-16
1.764 1.88537e-16
1.765 1.74371e-16
1.766 1.61257e-16
1.767 1.49117e-16
1.768 1.3788e-16
1.769 1.27479e-16
1.77 1.17854e-16
1.771 1.08946e-16
1.772 1.00704e-16
1.773 9.3077e-17
1.774 8.60211e-17
1.775 7.94937e-17
1.776 7.34556e-17
1.777 6.78707e-17
1.778 6.27053e-17
1.779 5.79284e-17
1.78 5.3511e-17
1.781 4.94265e-17
1.782 4.56501e-17
1.783 4.21588e-17
1.784 3.89313e-17
1.785 3.5948e-17
1.786 3.31907e-17
1.787 3.06423e-17
1.788 2.82874e-17
1.789 2.61113e-17
1.79 2.41007e-17
1.791 2.2243e-17
1.792 2.0527e-17
1.793 1.89417e-17
1.794 1.74775e-17
1.795 1.61252e-17
1.796 1.48763e-17
1.797 1.3723e-17
1.798 1.26581e-17
1.799 1.16749e-17
1.8 1.07672e-17
1.801 9.92926e-18
1.802 9.15579e-18
1.803 8.44189e-18
1.804 7.78303e-18
1.805 7.17501e-18
1.806 6.61396e-18
1.807 6.09628e-18
1.808 5.61867e-18
1.809 5.17806e-18
1.81 4.77162e-18
1.811 4.39672e-18
1.812 4.05095e-18
1.813 3.73207e-18
1.814 3.43802e-18
1.815 3.16687e-18
1.816 2.91688e-18
1.817 2.68641e-18
1.818 2.47394e-18
1.819 2.27809e-18
1.82 2.09758e-18
1.821 1.93122e-18
1.822 1.77791e-18
1.823 1.63663e-18
1.824 1.50646e-18
1.825 1.38654e-18
1.826 1.27605e-18
1.827 1.17428e-18
1.828 1.08053e-18
1.829 9.94189e-19
1.83 9.14673e-19
1.831 8.41448e-19
1.832 7.74024e-19
1.833 7.11944e-19
1.834 6.54791e-19
1.835 6.02177e-19
1.836 5.53746e-19
1.837 5.09169e-19
1.838 4.68143e-19
1.839 4.30388e-19
1.84 3.95645e-19
1.841 3.63678e-19
1.842 3.34267e-19
1.843 3.0721e-19
1.844 2.8232e-19
1.845 2.59425e-19
1.846 2.38368e-19
1.847 2.19003e-19
1.848 2.01194e-19
1.849 1.84819e-19
1.85 1.69763e-19
1.851 1.5592e-19
1.852 1.43195e-19
1.853 1.31498e-19
1.854 1.20747e-19
1.855 1.10865e-19
1.856 1.01785e-19
1.857 9.344e-20
1.858 8.57726e-20
1.859 7.8728e-20
1.86 7.22562e-20
1.861 6.6311e-20
1.862 6.08501e-20
1.863 5.58344e-20
1.864 5.1228e-20
1.865 4.69978e-20
1.866 4.31135e-20
1.867 3.95471e-20
1.868 3.62727e-20
1.869 3.32667e-20
1.87 3.05074e-20
1.871 2.79748e-20
1.872 2.56503e-20
1.873 2.3517e-20
1.874 2.15595e-20
1.875 1.97633e-20
1.876 1.81152e-20
1.877 1.66033e-20
1.878 1.52163e-20
1.879 1.39441e-20
1.88 1.27772e-20
1.881 1.1707e-20
1.882 1.07256e-20
1.883 9.82569e-21
1.884 9.00054e-21
1.885 8.24403e-21
1.886 7.55049e-21
1.887 6.91474e-21
1.888 6.33201e-21
1.889 5.79792e-21
1.89 5.30845e-21
1.891 4.85991e-21
1.892 4.44892e-21
1.893 4.07235e-21
1.894 3.72736e-21
1.895 3.41131e-21
1.896 3.12182e-21
1.897 2.85666e-21
1.898 2.61381e-21
1.899 2.39142e-21
1.9 2.18777e-21
1.901 2.0013e-21
1.902 1.83058e-21
1.903 1.67429e-21
1.904 1.53121e-21
1.905 1.40025e-21
1.906 1.28039e-21
1.907 1.1707e-21
1.908 1.07031e-21
1.909 9.78457e-22
1.91 8.94413e-22
1.911 8.17522e-22
1.912 7.47182e-22
1.913 6.82838e-22
1.914 6.23985e-22
1.915 5.70159e-22
1.916 5.20934e-22
1.917 4.7592e-22
1.918 4.34761e-22
1.919 3.9713e-22
1.92 3.62727e-22
1.921 3.31277e-22
1.922 3.0253e-22
1.923 2.76255e-22
1.924 2.52242e-22
1.925 2.30298e-22
1.926 2.10246e-22
1.927 1.91924e-22
1.928 1.75185e-22
1.929 1.59893e-22
1.93 1.45924e-22
1.931 1.33165e-22
1.932 1.21511e-22
1.933 1.10869e-22
1.934 1.0115e-22
1.935 9.22764e-23
1.936 8.41741e-23
1.937 7.6777e-23
1.938 7.00244e-23
1.939 6.38605e-23
1.94 5.82346e-23
1.941 5.31e-23
1.942 4.84142e-23
1.943 4.41383e-23
1.944 4.02369e-23
1.945 3.66774e-23
1.946 3.343e-23
1.947 3.04678e-23
1.948 2.77658e-23
1.949 2.53013e-23
1.95 2.30538e-23
1.951 2.10042e-23
1.952 1.91353e-23
1.953 1.74313e-23
1.954 1.58778e-23
1.955 1.44615e-23
1.956 1.31706e-23
1.957 1.19939e-23
1.958 1.09214e-23
1.959 9.94406e-24
1.96 9.05344e-24
1.961 8.24193e-24
1.962 7.50255e-24
1.963 6.82896e-24
1.964 6.21534e-24
1.965 5.6564e-24
1.966 5.14732e-24
1.967 4.68368e-24
1.968 4.26145e-24
1.969 3.87698e-24
1.97 3.52691e-24
1.971 3.2082e-24
1.972 2.91805e-24
1.973 2.65392e-24
1.974 2.41352e-24
1.975 2.19471e-24
1.976 1.99558e-24
1.977 1.81437e-24
1.978 1.64948e-24
1.979 1.49946e-24
1.98 1.36297e-24
1.981 1.23881e-24
1.982 1.12587e-24
1.983 1.02314e-24
1.984 9.29709e-25
1.985 8.44743e-25
1.986 7.67481e-25
1.987 6.9723e-25
1.988 6.33358e-25
1.989 5.75291e-25
1.99 5.22506e-25
1.991 4.74525e-25
1.992 4.30917e-25
1.993 3.91284e-25
1.994 3.55268e-25
1.995 3.22541e-25
1.996 2.92806e-25
1.997 2.6579e-25
1.998 2.41248e-25
1.999 2.18954e-25
2 1.98705e-25
2.001 1.80313e-25
2.002 1.63611e-25
2.003 1.48444e-25
2.004 1.34672e-25
2.005 1.22169e-25
2.006 1.10817e-25
2.007 1.00512e-25
2.008 9.11574e-26
2.009 8.26672e-26
2.01 7.49617e-26
2.011 6.7969e-26
2.012 6.16236e-26
2.013 5.58662e-26
2.014 5.06426e-26
2.015 4.59037e-26
2.016 4.1605e-26
2.017 3.77057e-26
2.018 3.41692e-26
2.019 3.09619e-26
2.02 2.80534e-26
2.021 2.54161e-26
2.022 2.30248e-26
2.023 2.08569e-26
2.024 1.88916e-26
2.025 1.71101e-26
2.026 1.54953e-26
2.027 1.40318e-26
2.028 1.27056e-26
2.029 1.15037e-26
2.03 1.04147e-26
2.031 9.42805e-27
2.032 8.53418e-27
2.033 7.72443e-27
2.034 6.99096e-27
2.035 6.32662e-27
2.036 5.72496e-27
2.037 5.1801e-27
2.038 4.68672e-27
2.039 4.23999e-27
2.04 3.83553e-27
2.041 3.46938e-27
2.042 3.13793e-27
2.043 2.83792e-27
2.044 2.56639e-27
2.045 2.32065e-27
2.046 2.09827e-27
2.047 1.89705e-27
2.048 1.71499e-27
2.049 1.55028e-27
2.05 1.40127e-27
2.051 1.26648e-27
2.052 1.14457e-27
2.053 1.03431e-27
2.054 9.34599e-28
2.055 8.44431e-28
2.056 7.62901e-28
2.057 6.89188e-28
2.058 6.22547e-28
2.059 5.62305e-28
2.06 5.07851e-28
2.061 4.58634e-28
2.062 4.14154e-28
2.063 3.73957e-28
2.064 3.37635e-28
2.065 3.04816e-28
2.066 2.75166e-28
2.067 2.48379e-28
2.068 2.24183e-28
2.069 2.02327e-28
2.07 1.82587e-28
2.071 1.6476e-28
2.072 1.48662e-28
2.073 1.34126e-28
2.074 1.21001e-28
2.075 1.09152e-28
2.076 9.84555e-29
2.077 8.88e-29
2.078 8.0085e-29
2.079 7.22196e-29
2.08 6.51214e-29
2.081 5.87162e-29
2.082 5.29367e-29
2.083 4.77223e-29
2.084 4.30181e-29
2.085 3.87745e-29
2.086 3.49467e-29
2.087 3.14942e-29
2.088 2.83806e-29
2.089 2.55727e-29
2.09 2.30408e-29
2.091 2.07579e-29
2.092 1.86997e-29
2.093 1.68443e-29
2.094 1.51717e-29
2.095 1.36641e-29
2.096 1.23053e-29
2.097 1.10808e-29
2.098 9.97731e-30
2.099 8.983e-30
2.1 8.08713e-30
2.101 7.28002e-30
2.102 6.55294e-30
2.103 5.898e-30
2.104 5.3081e-30
2.105 4.77681e-30
2.106 4.29836e-30
2.107 3.86752e-30
2.108 3.47958e-30
2.109 3.13031e-30
2.11 2.81587e-30
2.111 2.53281e-30
2.112 2.27803e-30
2.113 2.04871e-30
2.114 1.84233e-30
2.115 1.6566e-30
2.116 1.48948e-30
2.117 1.33911e-30
2.118 1.20383e-30
2.119 1.08212e-30
2.12 9.72644e-31
2.121 8.74172e-31
2.122 7.85606e-31
2.123 7.05957e-31
2.124 6.34333e-31
2.125 5.69929e-31
2.126 5.12024e-31
2.127 4.59965e-31
2.128 4.13165e-31
2.129 3.71098e-31
2.13 3.33287e-31
2.131 2.99305e-31
2.132 2.68766e-31
2.133 2.41324e-31
2.134 2.16666e-31
2.135 1.94513e-31
2.136 1.7461e-31
2.137 1.56732e-31
2.138 1.40672e-31
2.139 1.26248e-31
2.14 1.13294e-31
2.141 1.01661e-31
2.142 9.12156e-32
2.143 8.18366e-32
2.144 7.34161e-32
2.145 6.58567e-32
2.146 5.9071e-32
2.147 5.29802e-32
2.148 4.75136e-32
2.149 4.26077e-32
2.15 3.82052e-32
2.151 3.42549e-32
2.152 3.07106e-32
2.153 2.75309e-32
2.154 2.46783e-32
2.155 2.21196e-32
2.156 1.98246e-32
2.157 1.77663e-32
2.158 1.59204e-32
2.159 1.42651e-32
2.16 1.2781e-32
2.161 1.14503e-32
2.162 1.02573e-32
2.163 9.18793e-33
2.164 8.22937e-33
2.165 7.37022e-33
2.166 6.60024e-33
2.167 5.91023e-33
2.168 5.29193e-33
2.169 4.73794e-33
2.17 4.2416e-33
2.171 3.79696e-33
2.172 3.39865e-33
2.173 3.04188e-33
2.174 2.72235e-33
2.175 2.43619e-33
2.176 2.17993e-33
2.177 1.95047e-33
2.178 1.74503e-33
2.179 1.5611e-33
2.18 1.39644e-33
2.181 1.24906e-33
2.182 1.11714e-33
2.183 9.99067e-34
2.184 8.93406e-34
2.185 7.98856e-34
2.186 7.14255e-34
2.187 6.38562e-34
2.188 5.70845e-34
2.189 5.10269e-34
2.19 4.56084e-34
2.191 4.07621e-34
2.192 3.64278e-34
2.193 3.25518e-34
2.194 2.90858e-34
2.195 2.59869e-34
2.196 2.32162e-34
2.197 2.07393e-34
2.198 1.85252e-34
2.199 1.65461e-34
2.2 1.47773e-34
2.201 1.31965e-34
2.202 1.17839e-34
2.203 1.05216e-34
2.204 9.39383e-35
2.205 8.38625e-35
2.206 7.48615e-35
2.207 6.68212e-35
2.208 5.96397e-35
2.209 5.32257e-35
2.21 4.74978e-35
2.211 4.23829e-35
2.212 3.78157e-35
2.213 3.37381e-35
2.214 3.00977e-35
2.215 2.6848e-35
2.216 2.39472e-35
2.217 2.13581e-35
2.218 1.90475e-35
2.219 1.69854e-35
2.22 1.51454e-35
2.221 1.35037e-35
2.222 1.20389e-35
2.223 1.07322e-35
2.224 9.5665e-36
2.225 8.52676e-36
2.226 7.59942e-36
2.227 6.7724e-36
2.228 6.03489e-36
2.229 5.37727e-36
2.23 4.79093e-36
2.231 4.26818e-36
2.232 3.80216e-36
2.233 3.38676e-36
2.234 3.0165e-36
2.235 2.6865e-36
2.236 2.39242e-36
2.237 2.13035e-36
2.238 1.89685e-36
2.239 1.6888e-36
2.24 1.50345e-36
2.241 1.33833e-36
2.242 1.19126e-36
2.243 1.06026e-36
2.244 9.43592e-37
2.245 8.39695e-37
2.246 7.47179e-37
2.247 6.64802e-37
2.248 5.9146e-37
2.249 5.26168e-37
2.25 4.68046e-37
2.251 4.16311e-37
2.252 3.70264e-37
2.253 3.29285e-37
2.254 2.92817e-37
2.255 2.60368e-37
2.256 2.31496e-37
2.257 2.05809e-37
2.258 1.82958e-37
2.259 1.62631e-37
2.26 1.44551e-37
2.261 1.2847e-37
2.262 1.14169e-37
2.263 1.01453e-37
2.264 9.01449e-38
2.265 8.00912e-38
2.266 7.11531e-38
2.267 6.32075e-38
2.268 5.61446e-38
2.269 4.9867e-38
2.27 4.42877e-38
2.271 3.93296e-38
2.272 3.49237e-38
2.273 3.10089e-38
2.274 2.75308e-38
2.275 2.44408e-38
2.276 2.16959e-38
2.277 1.92577e-38
2.278 1.70922e-38
2.279 1.5169e-38
2.28 1.34611e-38
2.281 1.19445e-38
2.282 1.0598e-38
2.283 9.40249e-39
2.284 8.34119e-39
2.285 7.39909e-39
2.286 6.56287e-39
2.287 5.82069e-39
2.288 5.16204e-39
2.289 4.57755e-39
2.29 4.05891e-39
2.291 3.59875e-39
2.292 3.19051e-39
2.293 2.82835e-39
2.294 2.5071e-39
2.295 2.22216e-39
2.296 1.96944e-39
2.297 1.74533e-39
2.298 1.5466e-39
2.299 1.37039e-39
2.3 1.21415e-39
2.301 1.07564e-39
2.302 9.52862e-40
2.303 8.44027e-40
2.304 7.47563e-40
2.305 6.62072e-40
2.306 5.8631e-40
2.307 5.19177e-40
2.308 4.59694e-40
2.309 4.06993e-40
2.31 3.60305e-40
2.311 3.18948e-40
2.312 2.82315e-40
2.313 2.4987e-40
2.314 2.21136e-40
2.315 1.95691e-40
2.316 1.73159e-40
2.317 1.5321e-40
2.318 1.35548e-40
2.319 1.19913e-40
2.32 1.06073e-40
2.321 9.38222e-41
2.322 8.29801e-41
2.323 7.3385e-41
2.324 6.48942e-41
2.325 5.73812e-41
2.326 5.0734e-41
2.327 4.48533e-41
2.328 3.9651e-41
2.329 3.50493e-41
2.33 3.09792e-41
2.331 2.73796e-41
2.332 2.41963e-41
2.333 2.13814e-41
2.334 1.88924e-41
2.335 1.66919e-41
2.336 1.47465e-41
2.337 1.30268e-41
2.338 1.15067e-41
2.339 1.01632e-41
2.34 8.97581e-42
2.341 7.92654e-42
2.342 6.99937e-42
2.343 6.18015e-42
2.344 5.45639e-42
2.345 4.817e-42
2.346 4.25219e-42
2.347 3.75331e-42
2.348 3.3127e-42
2.349 2.92358e-42
2.35 2.57996e-42
2.351 2.27655e-42
2.352 2.00865e-42
2.353 1.77215e-42
2.354 1.56336e-42
2.355 1.37906e-42
2.356 1.21639e-42
2.357 1.07283e-42
2.358 9.46129e-43
2.359 8.34328e-43
2.36 7.35679e-43
2.361 6.48643e-43
2.362 5.71858e-43
2.363 5.04122e-43
2.364 4.44375e-43
2.365 3.91677e-43
2.366 3.45201e-43
2.367 3.04215e-43
2.368 2.68075e-43
2.369 2.36209e-43
2.37 2.08114e-43
2.371 1.83346e-43
2.372 1.61513e-43
2.373 1.42269e-43
2.374 1.25307e-43
2.375 1.10359e-43
2.376 9.71867e-44
2.377 8.55795e-44
2.378 7.53526e-44
2.379 6.63425e-44
2.38 5.84052e-44
2.381 5.14134e-44
2.382 4.52549e-44
2.383 3.9831e-44
2.384 3.50543e-44
2.385 3.08481e-44
2.386 2.71444e-44
2.387 2.38834e-44
2.388 2.10125e-44
2.389 1.84853e-44
2.39 1.62607e-44
2.391 1.43027e-44
2.392 1.25794e-44
2.393 1.10629e-44
2.394 9.72848e-45
2.395 8.55431e-45
2.396 7.52125e-45
2.397 6.61243e-45
2.398 5.81295e-45
2.399 5.10973e-45
2.4 4.49123e-45
2.401 3.94727e-45
2.402 3.46893e-45
2.403 3.0483e-45
2.404 2.67847e-45
2.405 2.35332e-45
2.406 2.06747e-45
2.407 1.8162e-45
2.408 1.59534e-45
2.409 1.40123e-45
2.41 1.23064e-45
2.411 1.08073e-45
2.412 9.49002e-46
2.413 8.33267e-46
2.414 7.31588e-46
2.415 6.42265e-46
2.416 5.63803e-46
2.417 4.94887e-46
2.418 4.3436e-46
2.419 3.81205e-46
2.42 3.34529e-46
2.421 2.93544e-46
2.422 2.5756e-46
2.423 2.25969e-46
2.424 1.98237e-46
2.425 1.73895e-46
2.426 1.5253e-46
2.427 1.33779e-46
2.428 1.17323e-46
2.429 1.02884e-46
2.43 9.02145e-47
2.431 7.90989e-47
2.432 6.93473e-47
2.433 6.07931e-47
2.434 5.32899e-47
2.435 4.6709e-47
2.436 4.09375e-47
2.437 3.58763e-47
2.438 3.14383e-47
2.439 2.75471e-47
2.44 2.41357e-47
2.441 2.1145e-47
2.442 1.85234e-47
2.443 1.62255e-47
2.444 1.42116e-47
2.445 1.24467e-47
2.446 1.09e-47
2.447 9.54483e-48
2.448 8.35746e-48
2.449 7.31721e-48
2.45 6.40593e-48
2.451 5.60769e-48
2.452 4.90853e-48
2.453 4.2962e-48
2.454 3.75995e-48
2.455 3.29038e-48
2.456 2.87922e-48
2.457 2.51924e-48
2.458 2.20409e-48
2.459 1.92821e-48
2.46 1.68673e-48
2.461 1.47537e-48
2.462 1.2904e-48
2.463 1.12852e-48
2.464 9.86875e-49
2.465 8.62938e-49
2.466 7.54506e-49
2.467 6.59647e-49
2.468 5.76667e-49
2.469 5.04086e-49
2.47 4.40605e-49
2.471 3.85088e-49
2.472 3.36539e-49
2.473 2.94087e-49
2.474 2.5697e-49
2.475 2.2452e-49
2.476 1.96152e-49
2.477 1.71354e-49
2.478 1.4968e-49
2.479 1.30736e-49
2.48 1.14181e-49
2.481 9.97147e-50
2.482 8.70741e-50
2.483 7.60298e-50
2.484 6.63811e-50
2.485 5.79523e-50
2.486 5.05897e-50
2.487 4.4159e-50
2.488 3.85426e-50
2.489 3.36379e-50
2.49 2.9355e-50
2.491 2.56153e-50
2.492 2.23503e-50
2.493 1.95e-50
2.494 1.70117e-50
2.495 1.48398e-50
2.496 1.29442e-50
2.497 1.12898e-50
2.498 9.84604e-51
2.499 8.58625e-51
